6307
4276
4375
16437
13350
4020
3590
8963
3136
3571
83651
3159
3776
13131
4967
19277
17385
4077
8235
11332
11723
18259
6959
6829
9682
5060
10989
12419
6226
23816
4729
12042
11719
3842
9929
5207
18160
3702
3155
10283
3780
7524
17347
11580
4140
4526
19806
8415
5553
6540
5839
13745
33665
4090
3883
3947
5070
8584
5084
25545
14806
6081
4400
5176
3270
36885
5556
3622
3417
213759
166004
4656
422324
3346
11059
717961
3754
5312
6102
99225
6101
11951
323103
10470
4332
11106
7466
12431
24030
10704
16280
33535
22355
4802
4585
3864
8867
4336
4256
5581
11019
33488
79247
46705
58120
6888
21556
26273
3244
3922
5045
22119
15063
3897
11575
14100
4267
7080
13982
5094
4016
12804
9480
5664
18768
7565
10992
30331
5280
14090
15234
12300
28312
4385
3218
3830
11876
6630
5847
11108
6686
6913
7465
9512
3563
4155
46560
17990
19302
21939
19146
24811
3237
6786
6384
7723
18772
5923
10693
10999
9137
4117
15086
8183
22163
13693
3523
3223
4418
6545
11916
186948
17915
4743
5390
7242
19088
63271
4253
3156
5936
4921
17692
136803
3196
5819
15661
99186
5666
42787
13638
7447
43948
3915
11091
3927
7469
5587
47845
11171
13642
5220
6169
6523
3441
15285
8468
9134
11151
4856
62951
5185
5695
7852
3120
11449
5295
22892
16970
7392
6185
5972
20061
5863
4761
3530
3178
23199
10016
3596
97873
14967
3292
100844
9021
28201
48935
10669
55071
19739
9094
3337
12981
11427
7909
29680
11586
8479
8504
12675
3192
13904
46584
6792
3917
33411
32901
5558
6469
3132
3252
4362
5877
28420
5759
6725
3759
568322
3964
138501
3142
132603
3526
8883
68232
6619
5014
1017449
7088
7591
49216
4425
5980
3762
4466
5893
6439
4112
4922
87942
28883
4290
32721
5414
93203
4864
3341
19907
7051
8374
91867
4007
17533
4838
209937
78916
13836
16001
6142
6067
3763
569353
27333
8120
6704
16043
7490
10159
99863
6536
13270
4078
14751
42840
13718
61108
22116
119944
8164
4738
7799
4920
7926
14576
6682
23769
256885
7047
3384
7182
9889
14339
41743
62057
21581
4493
43326
13396
52662
9618
3329
3382
3131
139163
7985
10847
9784
338503
3484
8636
12157
3683
7968
16142
19598
25719
14416
4199
3202
6306
3432
12567
97902
9209
7944
4081
439819
16750
7186
7087
5925
5344
76708
5132
7225
153524
4047
10385
7652
4320
749607
4986
8771
13322
7870
3524
5323
59819
3259
26999
79258
7854
132979
11635
3288
12517
226404
69025
20499
4769
5379
3185
3149
4539
4631
3438
144576
7750
28308
38809
23300
14814
3407
7841
3817
74100
49864
79470
20519
12268
3367
23871
17216
3240
63116
13570
8628
7436
10149
36078
172950
12190
9471
9158
3200
18612
4440
7429
9817
3724
10619
5264
88168
11485
3199
5383
5411
8620
12318
5974
90990
10067
44122
3694
11981
30167
6404
16879
3854
6281
5027
4865
11212
19797
3289
10089
3496
23524
147829
10883
9634
3297
13987
29954
17993
22997
3603
9725
18928
3201
4510
3158
3824
6569
11129
4258
3162
9629
18192
8190
21465
19432
14425
5884
72047
17305
6718
5322
11880
14364
21701
5999
6153
143740
3888
13157
3576
26406
3138
3189
10077
11740
17294
12966
7994
3594
10377
3527
4028
6137
32199
47760
3139
5015
7881
4049
15538
101427
7597
18653
3720
3757
14626
4851
3320
5747
3198
9502
20888
7967
144723
24862
13134
4658
4386
5378
11211
254483
3521
5052
7386
4153
4678
4338
22970
8236
6516
5115
4511
98406
5742
5134
8442
7920
14740
11044
55750
26072
3517
4346
9840
10144
14324
8957
4801
8057
19509
4327
11865
37756
12323
6971
3130
7519
4148
3615
7253
3134
34094
6033
5007
9308
7184
12108
4065
3250
8790
11372
4946
117735
8990
10832
4404
5955
35519
4572
3562
5583
662248
6099
3918
9390
438366
72051
9421
3540
3840
35165
20033
8440
15908
5156
3307
126666
3339
7673
3948
3290
148625
7179
40410
11843
3191
4794
10947
10063
21216
12897
6509
28963
27168
13980
3960
4570
10194
19658
5639
22761
32205
3195
31990
103988
48403
8216
17806
6320
3902
4568
4781
11638
3286
43268
3119
3731
4892
3932
7632
31093
94415
13853
1762949
42313
51313
3273
7331
7096
3520
39474
4567
86100
10549
69895
1010899
5204
3471
5947
13943
7412
12594
5813
76581
51183
6879
20118
5307
26505
6765
3360
9450
3806
7481
34637
4587
6566
3157
7678
8305
23819
7291
17943
17740
5685
7883
4766
3422
3473
8115
3274
3135
12235
4224
229660
4116
18615
3986
6887
21429
20584
14010
6218
6138
4175
13330
175383
249125
5935
3278
7388
14583
11173
138479
13861
6836
4302
17817
15454
8338
30045
4561
3914
6376
44519
656480
17964
8000
61498
266141
4558
18080
4793
64141
7371
7699
13035
3851
5067
32752
15817
41028
20687
3133
4898
10422
8109
202022
4283
5868
3368
4594
91525
18961
6302
4792
8738
9927
3317
3226
6414
7540
10121
30405
291041
11100
13561
8981
20188
5880
3874
8368
4291
17053
13746
3412
8348
4447
13692
3804
9949
3862
10426
26533
8919
7037
25704
42880
10851
4992
7475
3281
6432
10839
33232
4500
9404
7400
3913
549459
13328
31444
7340
104688
93694
15221
3547
47642
7031
7233
6013
21147
14924
3672
8994
11357
6817
6606
9545
7826
108843
5694
3377
20340
10504
12954
9804
4285
80213
3001
4152
3344
41519
149683
9038
34504
20953
4949
14659
10120
4309
3325
5680
11304
3803
4548
8231
4696
4098
3137
14180
8716
28114
4277
1306784
23442
41145
5689
6221
3476
4940
6035
7535
6300
4237
5057
19333
11977
3210
7583
6121
72326
5737
3247
8040
24104
4331
11318
5789
21612
3355
3148
3277
4121
110525
4395
49620
5453
12476
4538
3764
32935
5218
5054
10927
9045
5047
15990
10424
9254
2794356
7358
24569
5584
21384
19933
4544
6574
3968
5029
3898
5294
8386
3641
3599
67490
8275
3797
8328
9998
4394
4985
6050
12595
15995
45276
8665
22957
9303
5144
19413
132485
7473
121436
4094
8909
37645
23017
22354
6975
12017
108455
7605
4294
8862
7247
4758
5083
22477
4475
5643
3418
3321
5046
50815
18859
21198
27088
3165
4045
7505
57239
8308